1,0
2,0
3,0
4,0
5,0
6,0
7,0
8,0
9,0
10,0
11,0
12,0
13,0
14,0
15,0
16,0
17,0
18,0
19,0

1,1
19,1
1,2
19,2
1,3
19,3
1,4
19,4
1,5
19,5
1,6
19,6
1,7
19,7
1,8
19,8
1,9
19,9
1,10
19,10
1,11
19,11

4,3
5,3
6,3
7,3
8,3
9,3
10,3
11,3
12,3
13,3
14,3
15,3
16,3
17,3
18,3

2,7
3,7
4,7
5,7
6,7
7,7
8,7
9,7
10,7
11,7
12,7
13,7
14,7
15,7
16,7

1,12
2,12
3,12
4,12
5,12
6,12
7,12
8,12
9,12
10,12
11,12
12,12
13,12
14,12
15,12
16,12
17,12
18,12
19,12

9,8
9,11
13,8