1,2
2,2
3,2
4,2
5,2
6,2
7,2
8,2
9,2
10,2
11,2
12,2
13,2
14,2
15,2
16,2
17,2
18,2
19,2

1,3
19,3
1,4
19,4
1,5
19,5
1,6
19,6
1,7
19,7
1,8
19,8
1,9
19,9
1,10
19,10
1,11
19,11
1,12
19,12
1,13
19,13

4,5
5,5
6,5
7,5
8,5
9,5
10,5
11,5
12,5
13,5
14,5
15,5
16,5
17,5
18,5

2,9
3,9
4,9
5,9
6,9
7,9
8,9
9,9
10,9
11,9
12,9
13,9
14,9
15,9
16,9

1,14
2,14
3,14
4,14
5,14
6,14
7,14
8,14
9,14
10,14
11,14
12,14
13,14
14,14
15,14
16,14
17,14
18,14
19,14

9,10
9,13
13,10